22 22 22 22 22 22 22 22 22 22 22 22 22 22 22 22 22 22 22 22 22 22
7650 7650 7650 7650 7650 7650 7650 7650 7650 7650 7650 7650 7650 7650 7650 7650 7650 7650 7650 7650 7650 7650
23068 23068 23068 23068 23068 23068 23068 23068 23068 23068 23068 23068 23068 23068 23068 23068 23068 23068 23068 23068 23068 23068
6 7 7 0 0 0 0 0 0 0 0 0 0 0 0 0 0 0 0 0 0 0
0.756539640983302 0.105211366537297 0.00505874614995695 -0.00604786545093525 0.0275086118606707 0.087378058399482 0.0461701070714776 0.0790235494747694 0.646477279754917 0.0697104378029066 0.100169990383802 0.0419485362385771 0.0011041810483406 0.058343194279494 -0.0032619726071537 0.854420627161418 0.000747011737935575 0.0650085533728418 0.0291390875365138 0.0103750330345098 0.372369047355573 0.703992610570803
0.298118929810027 0.304224192858796 0.0344180199936246 0.189203353925684 0.130173048119574 0.0302072654379603 0.0255164209649143 0.0655372666264266 0.764689442077102 0.0259263668057956 0.0802714370359594 0.040895042701069 0.000805263497237876 0.160843674600534 0.00148333590907951 0.338926080796831 0.0130956902894262 0.411638174230444 0.0393944037018926 0.0347855285980145 0.267416410870665 0.571195307011476
0.413799540597386 -0.000360075985178235 -0.00196101428653583 -0.000428425130487357 -0.000713097261880607 0.00160256145900541 0.0162838394184017 0.0288844196578251 0.2790402095134 0.0247380137905444 0.0496113821949203 0.0196822442827249 0.00146951728726721 -0.000305469875328054 0.000578619293447264 0.414086197533097 -8.10402451972687e-06 9.76523509080198e-05 0.000431891361146236 7.39280407610552e-05 0.149143799646466 0.258395614700303
-0.000360075985178235 0.257654681681914 0.000185994119046459 0.000149044421630611 -0.00142396248867727 -0.00108695806625424 0.00978740965680753 0.0165803188028152 0.196171024059459 0.00490999063782587 0.0168500577543198 0.00965044382821409 0.00143043845005379 0.0753211006533475 0.00210164321393473 0.000436942689708973 0.00667714548850698 0.145010274849483 0.0147029277412135 0.0148575880215918 0.0710449380114755 0.161580579428614
-0.00196101428653583 0.000185994119046459 0.0314135260915712 0.00160898830931907 -0.00138198013525262 0.000415799459158067 0.00105379363712717 0.00150743031596116 0.0294843309927393 -0.00381942595222713 0.00183713682325949 -0.000327489155968042 -0.000776537059233083 0.00330478585361371 0.00329954678211467 0.00443373460271511 0.00225211004353364 0.0187499487268234 1.86177744055853e-05 0.000776807389717998 0.00596117898233673 0.0123443939545278
-0.000428425130487357 0.000149044421630611 0.00160898830931907 0.147240788253491 -0.000705659318575358 -0.000871821372456481 0.00256446496598194 0.0082179856399174 0.124351101504906 0.0055049929069026 0.00317947510133477 0.00584671908275081 -0.00118861811522904 0.00930251674268205 -8.74479482409134e-05 0.00232529606603688 0.00363311908181644 0.130340491698857 0.0014097481902269 -0.000114893186282817 0.016508598067579 0.08570154055436
-0.000713097261880607 -0.00142396248867727 -0.00138198013525262 -0.000705659318575358 0.106404385545552 -0.000813304670612669 0.00277134368223273 0.0122137553060635 0.079649342694795 0.000391368372160519 0.00524918254267819 0.00487009789883405 0.00229220109270265 0.0506352521824361 -0.000495284852372028 -0.000682773940756965 0.00434510228931229 0.0282550178545347 0.0144903378629245 0.0115319061488558 0.0331326833430011 0.0645513476684854
0.00160256145900541 -0.00108695806625424 0.000415799459158067 -0.000871821372456481 -0.000813304670612669 0.0488056926746867 0.000812402529581081 0.00449844096696362 0.0314422649415985 0.00162763016881947 0.00342577273228679 0.00360268272522177 0.0026301257035881 -0.0010581901849825 0.000896399583369246 0.0427939176469976 0.00125069046241488 -0.00229019687674614 3.69246962383574e-05 -0.000471895309679899 0.0144458573798068 0.0292599627361209
0.0162838394184017 0.00978740965680753 0.00105379363712717 0.00256446496598194 0.00277134368223273 0.000812402529581081 0.0303253208768616 -0.00163180572359084 -7.66440230518924e-05 -0.000338068060619165 -5.45541475546596e-06 -0.000377189197895679 1.09084470536283e-05 0.00518277281917427 0.00262412931757834 0.0153404453203665 0.00131080265288937 0.00791285216191013 0.00241761177558581 -0.00172751478529682 0.0104130694433095 0.021298643399216
0.0288844196578251 0.0165803188028152 0.00150743031596116 0.0082179856399174 0.0122137553060635 0.00449844096696362 -0.00163180572359084 0.0684895049926699 0.000768675775922585 0.00186801193284884 0.00160669762073315 0.000852113332660429 -0.000656233184219196 0.0116899113906624 0.000509171328242106 0.0331456384415342 0.000687053516772546 0.0178077980000322 0.00220443013229979 0.00173683710717617 0.022691553350953 0.0466162183671339
0.2790402095134 0.196171024059459 0.0294843309927393 0.124351101504906 0.079649342694795 0.0314422649415985 -7.66440230518924e-05 0.000768675775922585 0.738153101384488 -4.40349107660895e-05 0.000385001552606353 -0.000862192191895998 0.00220083259953417 0.0988396813663534 0.000383406254486365 0.315751546938938 0.00949188772168317 0.269061827136992 0.025141433224309 0.0210269369012573 0.201754505573207 0.437558576461809
0.0247380137905444 0.00490999063782587 -0.00381942595222713 0.0055049929069026 0.000391368372160519 0.00162763016881947 -0.000338068060619165 0.00186801193284884 -4.40349107660895e-05 0.0352427243034095 0.00113603327521058 1.60232878609419e-05 -0.000414753861133657 0.00303616912322656 -0.000531750428765155 0.0270572414143088 0.00117976630083308 0.003960722559998 0.00131532473119833 -0.00197114610304205 0.0144467145028314 0.024232030739565
0.0496113821949203 0.0168500577543198 0.00183713682325949 0.00317947510133477 0.00524918254267819 0.00342577273228679 -5.45541475546596e-06 0.00160669762073315 0.000385001552606353 0.00113603327521058 0.0811086651239452 0.00118834014356098 -0.000732972044528534 0.0112194301219541 -0.00178941566720103 0.0547856825808501 0.00115609854555259 0.0140089791169128 0.00173091057595826 0.0038960105012955 0.0320180854695558 0.0510957882780646
0.0196822442827249 0.00965044382821409 -0.000327489155968042 0.00584671908275081 0.00487009789883405 0.00360268272522177 -0.000377189197895679 0.000852113332660429 -0.000862192191895998 1.60232878609419e-05 0.00118834014356098 0.0403012475700945 -0.000547111489322098 0.00680298858259807 -0.00086584780877827 0.0190577626200047 0.000484595617509842 0.013169591960963 -0.00214930318344103 -0.00138051840502199 0.0123133366857454 0.0290733257074864
0.00146951728726721 0.00143043845005379 -0.000776537059233083 -0.00118861811522904 0.00229220109270265 0.0026301257035881 1.09084470536283e-05 -0.000656233184219196 0.00220083259953417 -0.000414753861133657 -0.000732972044528534 -0.000547111489322098 -6.24199523773836e-05 -0.000337586303388659 0.000887569231042907 -0.00337304424822582 0.00204594948064735 0.00018990673710635 -0.000331979475783259 -0.00181731515500632 -0.00147153902515728 -0.00193458883158986
-0.000305469875328054 0.0753211006533475 0.00330478585361371 0.00930251674268205 0.0506352521824361 -0.0010581901849825 0.00518277281917427 0.0116899113906624 0.0988396813663534 0.00303616912322656 0.0112194301219541 0.00680298858259807 -0.000337586303388659 0.138897453103657 -0.000403669873678939 0.00130992496146611 -0.00146371906182142 -7.53684505151178e-06 3.18382550397603e-05 0.00168794663411416 0.0492388051150589 0.0867613602812306
0.000578619293447264 0.00210164321393473 0.00329954678211467 -8.74479482409134e-05 -0.000495284852372028 0.000896399583369246 0.00262412931757834 0.000509171328242106 0.000383406254486365 -0.000531750428765155 -0.00178941566720103 -0.00086584780877827 0.000887569231042907 -0.000403669873678939 6.96288627599873e-05 0.00082806988561661 0.00124354781580257 0.00220370192264574 0.00136550733392175 -8.24460742675413e-05 -0.000110951748948782 6.86839221908421e-05
0.414086197533097 0.000436942689708973 0.00443373460271511 0.00232529606603688 -0.000682773940756965 0.0427939176469976 0.0153404453203665 0.0331456384415342 0.315751546938938 0.0270572414143088 0.0547856825808501 0.0190577626200047 -0.00337304424822582 0.00130992496146611 0.00082806988561661 0.467351034657794 -0.000526462909809903 0.000199110268931195 -0.00174574747880937 -0.000516548370250456 0.165745779191262 0.291804414828972
-8.10402451972687e-06 0.00667714548850698 0.00225211004353364 0.00363311908181644 0.00434510228931229 0.00125069046241488 0.00131080265288937 0.000687053516772546 0.00949188772168317 0.00117976630083308 0.00115609854555259 0.000484595617509842 0.00204594948064735 -0.00146371906182142 0.00124354781580257 -0.000526462909809903 0.0127875841912879 -0.00372842375362258 -0.00130575189950537 0.00149230993738001 0.00495960003292883 0.0069959522633363
9.76523509080198e-05 0.145010274849483 0.0187499487268234 0.130340491698857 0.0282550178545347 -0.00229019687674614 0.00791285216191013 0.0178077980000322 0.269061827136992 0.003960722559998 0.0140089791169128 0.013169591960963 0.00018990673710635 -7.53684505151178e-06 0.00220370192264574 0.000199110268931195 -0.00372842375362258 0.324833951674767 -0.00219903211925531 -0.000424418711166484 0.0507823194500288 0.193335124054831
0.000431891361146236 0.0147029277412135 1.86177744055853e-05 0.0014097481902269 0.0144903378629245 3.69246962383574e-05 0.00241761177558581 0.00220443013229979 0.025141433224309 0.00131532473119833 0.00173091057595826 -0.00214930318344103 -0.000331979475783259 3.18382550397603e-05 0.00136550733392175 -0.00174574747880937 -0.00130575189950537 -0.00219903211925531 0.0311648582953569 0.000795863876136604 0.00812848233667939 0.0184715958468548
7.39280407610552e-05 0.0148575880215918 0.000776807389717998 -0.000114893186282817 0.0115319061488558 -0.000471895309679899 -0.00172751478529682 0.00173683710717617 0.0210269369012573 -0.00197114610304205 0.0038960105012955 -0.00138051840502199 -0.00181731515500632 0.00168794663411416 -8.24460742675413e-05 -0.000516548370250456 0.00149230993738001 -0.000424418711166484 0.000795863876136604 0.0280291953267291 0.0161561606440707 0.016171050566746
0.149143799646466 0.0710449380114755 0.00596117898233673 0.016508598067579 0.0331326833430011 0.0144458573798068 0.0104130694433095 0.022691553350953 0.201754505573207 0.0144467145028314 0.0320180854695558 0.0123133366857454 -0.00147153902515728 0.0492388051150589 -0.000110951748948782 0.165745779191262 0.00495960003292883 0.0507823194500288 0.00812848233667939 0.0161561606440707 0.119345446103152 0.180250459266789
0.258395614700303 0.161580579428614 0.0123443939545278 0.08570154055436 0.0645513476684854 0.0292599627361209 0.021298643399216 0.0466162183671339 0.437558576461809 0.024232030739565 0.0510957882780646 0.0290733257074864 -0.00193458883158986 0.0867613602812306 6.86839221908421e-05 0.291804414828972 0.0069959522633363 0.193335124054831 0.0184715958468548 0.016171050566746 0.180250459266789 0.399920254442368
